(kicad_pcb (version 20171130) (host pcbnew "(5.0.0-rc2-dev-668-g07e7340a9)")

  (general
    (thickness 1.6)
    (drawings 47)
    (tracks 222)
    (zones 0)
    (modules 17)
    (nets 34)
  )

  (page A4)
  (layers
    (0 F.Cu signal)
    (31 B.Cu signal hide)
    (32 B.Adhes user)
    (33 F.Adhes user)
    (34 B.Paste user)
    (35 F.Paste user)
    (36 B.SilkS user)
    (37 F.SilkS user)
    (38 B.Mask user)
    (39 F.Mask user)
    (40 Dwgs.User user hide)
    (41 Cmts.User user hide)
    (42 Eco1.User user hide)
    (43 Eco2.User user hide)
    (44 Edge.Cuts user)
    (45 Margin user hide)
    (46 B.CrtYd user hide)
    (47 F.CrtYd user hide)
    (48 B.Fab user hide)
    (49 F.Fab user hide)
  )

  (setup
    (last_trace_width 0.25)
    (user_trace_width 0.6)
    (user_trace_width 1)
    (user_trace_width 1.4)
    (trace_clearance 0.2)
    (zone_clearance 0.508)
    (zone_45_only no)
    (trace_min 0.2)
    (segment_width 0.2)
    (edge_width 0.15)
    (via_size 0.8)
    (via_drill 0.4)
    (via_min_size 0.4)
    (via_min_drill 0.3)
    (uvia_size 0.3)
    (uvia_drill 0.1)
    (uvias_allowed no)
    (uvia_min_size 0.2)
    (uvia_min_drill 0.1)
    (pcb_text_width 0.3)
    (pcb_text_size 1.5 1.5)
    (mod_edge_width 0.15)
    (mod_text_size 1 1)
    (mod_text_width 0.15)
    (pad_size 1.524 1.524)
    (pad_drill 0.762)
    (pad_to_mask_clearance 0.2)
    (aux_axis_origin 0 0)
    (visible_elements 7FFFFFFF)
    (pcbplotparams
      (layerselection 0x010fc_ffffffff)
      (usegerberextensions false)
      (usegerberattributes false)
      (usegerberadvancedattributes false)
      (creategerberjobfile false)
      (excludeedgelayer true)
      (linewidth 0.100000)
      (plotframeref false)
      (viasonmask false)
      (mode 1)
      (useauxorigin false)
      (hpglpennumber 1)
      (hpglpenspeed 20)
      (hpglpendiameter 15)
      (psnegative false)
      (psa4output false)
      (plotreference true)
      (plotvalue true)
      (plotinvisibletext false)
      (padsonsilk false)
      (subtractmaskfromsilk false)
      (outputformat 1)
      (mirror false)
      (drillshape 1)
      (scaleselection 1)
      (outputdirectory ""))
  )

  (net 0 "")
  (net 1 /POT_3)
  (net 2 GND)
  (net 3 /POT_2)
  (net 4 /POT_1)
  (net 5 /A2)
  (net 6 /A1)
  (net 7 /A0)
  (net 8 +12V)
  (net 9 +5V)
  (net 10 /IN2)
  (net 11 /IN1)
  (net 12 "Net-(M101-Pad1)")
  (net 13 "Net-(M101-Pad2)")
  (net 14 "Net-(R101-Pad1)")
  (net 15 "Net-(R102-Pad1)")
  (net 16 /P_16)
  (net 17 /P_15)
  (net 18 /P_30)
  (net 19 /P_28)
  (net 20 /P_27)
  (net 21 /P_26)
  (net 22 /P_25)
  (net 23 /P_24)
  (net 24 /P_23)
  (net 25 /P_22)
  (net 26 /P_21)
  (net 27 /P_4)
  (net 28 /P_19)
  (net 29 /P_3)
  (net 30 /P_2)
  (net 31 /P_17)
  (net 32 /P_31)
  (net 33 /P_32)

  (net_class Default "This is the default net class."
    (clearance 0.2)
    (trace_width 0.25)
    (via_dia 0.8)
    (via_drill 0.4)
    (uvia_dia 0.3)
    (uvia_drill 0.1)
    (add_net +12V)
    (add_net +5V)
    (add_net /A0)
    (add_net /A1)
    (add_net /A2)
    (add_net /IN1)
    (add_net /IN2)
    (add_net /POT_1)
    (add_net /POT_2)
    (add_net /POT_3)
    (add_net /P_15)
    (add_net /P_16)
    (add_net /P_17)
    (add_net /P_19)
    (add_net /P_2)
    (add_net /P_21)
    (add_net /P_22)
    (add_net /P_23)
    (add_net /P_24)
    (add_net /P_25)
    (add_net /P_26)
    (add_net /P_27)
    (add_net /P_28)
    (add_net /P_3)
    (add_net /P_30)
    (add_net /P_31)
    (add_net /P_32)
    (add_net /P_4)
    (add_net GND)
    (add_net "Net-(M101-Pad1)")
    (add_net "Net-(M101-Pad2)")
    (add_net "Net-(R101-Pad1)")
    (add_net "Net-(R102-Pad1)")
  )

  (module Modules:Arduino_UNO_R3_WithMountingHoles (layer F.Cu) (tedit 58AB6127) (tstamp 5C9BAABB)
    (at 129.065 67.6675)
    (descr "Arduino UNO R3, http://www.mouser.com/pdfdocs/Gravitech_Arduino_Nano3_0.pdf")
    (tags "Arduino UNO R3")
    (path /5C9AFA0D)
    (fp_text reference A101 (at 1.27 -3.81 180) (layer F.SilkS)
      (effects (font (size 1 1) (thickness 0.15)))
    )
    (fp_text value Arduino_UNO_R3 (at -26.365 44.0325 90) (layer F.Fab)
      (effects (font (size 1 1) (thickness 0.15)))
    )
    (fp_line (start -27.94 -2.54) (end 38.1 -2.54) (layer F.Fab) (width 0.1))
    (fp_line (start -27.94 50.8) (end -27.94 -2.54) (layer F.Fab) (width 0.1))
    (fp_line (start 36.58 50.8) (end -27.94 50.8) (layer F.Fab) (width 0.1))
    (fp_line (start 38.1 49.28) (end 36.58 50.8) (layer F.Fab) (width 0.1))
    (fp_line (start 38.1 0) (end 40.64 2.54) (layer F.Fab) (width 0.1))
    (fp_line (start 38.1 -2.54) (end 38.1 0) (layer F.Fab) (width 0.1))
    (fp_line (start 40.64 35.31) (end 38.1 37.85) (layer F.Fab) (width 0.1))
    (fp_line (start 40.64 2.54) (end 40.64 35.31) (layer F.Fab) (width 0.1))
    (fp_line (start 38.1 37.85) (end 38.1 49.28) (layer F.Fab) (width 0.1))
    (fp_line (start -29.84 9.53) (end -29.84 0.64) (layer F.Fab) (width 0.1))
    (fp_line (start -16.51 9.53) (end -29.84 9.53) (layer F.Fab) (width 0.1))
    (fp_line (start -16.51 0.64) (end -16.51 9.53) (layer F.Fab) (width 0.1))
    (fp_line (start -29.84 0.64) (end -16.51 0.64) (layer F.Fab) (width 0.1))
    (fp_line (start -34.29 41.27) (end -34.29 29.84) (layer F.Fab) (width 0.1))
    (fp_line (start -18.41 41.27) (end -34.29 41.27) (layer F.Fab) (width 0.1))
    (fp_line (start -18.41 29.84) (end -18.41 41.27) (layer F.Fab) (width 0.1))
    (fp_line (start -34.29 29.84) (end -18.41 29.84) (layer F.Fab) (width 0.1))
    (fp_line (start 38.23 37.85) (end 40.77 35.31) (layer F.SilkS) (width 0.12))
    (fp_line (start 38.23 49.28) (end 38.23 37.85) (layer F.SilkS) (width 0.12))
    (fp_line (start 36.58 50.93) (end 38.23 49.28) (layer F.SilkS) (width 0.12))
    (fp_line (start -28.07 50.93) (end 36.58 50.93) (layer F.SilkS) (width 0.12))
    (fp_line (start -28.07 41.4) (end -28.07 50.93) (layer F.SilkS) (width 0.12))
    (fp_line (start -34.42 41.4) (end -28.07 41.4) (layer F.SilkS) (width 0.12))
    (fp_line (start -34.42 29.72) (end -34.42 41.4) (layer F.SilkS) (width 0.12))
    (fp_line (start -28.07 29.72) (end -34.42 29.72) (layer F.SilkS) (width 0.12))
    (fp_line (start -28.07 9.65) (end -28.07 29.72) (layer F.SilkS) (width 0.12))
    (fp_line (start -29.97 9.65) (end -28.07 9.65) (layer F.SilkS) (width 0.12))
    (fp_line (start -29.97 0.51) (end -29.97 9.65) (layer F.SilkS) (width 0.12))
    (fp_line (start -28.07 0.51) (end -29.97 0.51) (layer F.SilkS) (width 0.12))
    (fp_line (start -28.07 -2.67) (end -28.07 0.51) (layer F.SilkS) (width 0.12))
    (fp_line (start 38.23 -2.67) (end -28.07 -2.67) (layer F.SilkS) (width 0.12))
    (fp_line (start 38.23 0) (end 38.23 -2.67) (layer F.SilkS) (width 0.12))
    (fp_line (start 40.77 2.54) (end 38.23 0) (layer F.SilkS) (width 0.12))
    (fp_line (start 40.77 35.31) (end 40.77 2.54) (layer F.SilkS) (width 0.12))
    (fp_line (start -28.19 -2.79) (end 38.35 -2.79) (layer F.CrtYd) (width 0.05))
    (fp_line (start -28.19 0.38) (end -28.19 -2.79) (layer F.CrtYd) (width 0.05))
    (fp_line (start -30.1 0.38) (end -28.19 0.38) (layer F.CrtYd) (width 0.05))
    (fp_line (start -30.1 9.78) (end -30.1 0.38) (layer F.CrtYd) (width 0.05))
    (fp_line (start -28.19 9.78) (end -30.1 9.78) (layer F.CrtYd) (width 0.05))
    (fp_line (start -28.19 29.59) (end -28.19 9.78) (layer F.CrtYd) (width 0.05))
    (fp_line (start -34.54 29.59) (end -28.19 29.59) (layer F.CrtYd) (width 0.05))
    (fp_line (start -34.54 41.53) (end -34.54 29.59) (layer F.CrtYd) (width 0.05))
    (fp_line (start -28.19 41.53) (end -34.54 41.53) (layer F.CrtYd) (width 0.05))
    (fp_line (start -28.19 51.05) (end -28.19 41.53) (layer F.CrtYd) (width 0.05))
    (fp_line (start 36.58 51.05) (end -28.19 51.05) (layer F.CrtYd) (width 0.05))
    (fp_line (start 38.35 49.28) (end 36.58 51.05) (layer F.CrtYd) (width 0.05))
    (fp_line (start 38.35 37.85) (end 38.35 49.28) (layer F.CrtYd) (width 0.05))
    (fp_line (start 40.89 35.31) (end 38.35 37.85) (layer F.CrtYd) (width 0.05))
    (fp_line (start 40.89 2.54) (end 40.89 35.31) (layer F.CrtYd) (width 0.05))
    (fp_line (start 38.35 0) (end 40.89 2.54) (layer F.CrtYd) (width 0.05))
    (fp_line (start 38.35 -2.79) (end 38.35 0) (layer F.CrtYd) (width 0.05))
    (fp_text user %R (at 0 20.32 180) (layer F.Fab)
      (effects (font (size 1 1) (thickness 0.15)))
    )
    (pad "" np_thru_hole circle (at 38.1 5.08 90) (size 1.78 1.78) (drill 1.78) (layers *.Cu *.Mask))
    (pad "" np_thru_hole circle (at 38.1 33.02 90) (size 1.78 1.78) (drill 1.78) (layers *.Cu *.Mask))
    (pad "" np_thru_hole circle (at -12.7 48.26 90) (size 1.78 1.78) (drill 1.78) (layers *.Cu *.Mask))
    (pad "" np_thru_hole circle (at -13.97 0 90) (size 1.78 1.78) (drill 1.78) (layers *.Cu *.Mask))
    (pad 16 thru_hole oval (at 33.02 48.26 90) (size 1.6 1.6) (drill 0.8) (layers *.Cu *.Mask)
      (net 16 /P_16))
    (pad 15 thru_hole oval (at 35.56 48.26 90) (size 1.6 1.6) (drill 0.8) (layers *.Cu *.Mask)
      (net 17 /P_15))
    (pad 30 thru_hole oval (at -4.06 48.26 90) (size 1.6 1.6) (drill 0.8) (layers *.Cu *.Mask)
      (net 18 /P_30))
    (pad 14 thru_hole oval (at 35.56 0 90) (size 1.6 1.6) (drill 0.8) (layers *.Cu *.Mask)
      (net 1 /POT_3))
    (pad 29 thru_hole oval (at -1.52 48.26 90) (size 1.6 1.6) (drill 0.8) (layers *.Cu *.Mask)
      (net 2 GND))
    (pad 13 thru_hole oval (at 33.02 0 90) (size 1.6 1.6) (drill 0.8) (layers *.Cu *.Mask)
      (net 3 /POT_2))
    (pad 28 thru_hole oval (at 1.02 48.26 90) (size 1.6 1.6) (drill 0.8) (layers *.Cu *.Mask)
      (net 19 /P_28))
    (pad 12 thru_hole oval (at 30.48 0 90) (size 1.6 1.6) (drill 0.8) (layers *.Cu *.Mask)
      (net 4 /POT_1))
    (pad 27 thru_hole oval (at 3.56 48.26 90) (size 1.6 1.6) (drill 0.8) (layers *.Cu *.Mask)
      (net 20 /P_27))
    (pad 11 thru_hole oval (at 27.94 0 90) (size 1.6 1.6) (drill 0.8) (layers *.Cu *.Mask)
      (net 5 /A2))
    (pad 26 thru_hole oval (at 6.1 48.26 90) (size 1.6 1.6) (drill 0.8) (layers *.Cu *.Mask)
      (net 21 /P_26))
    (pad 10 thru_hole oval (at 25.4 0 90) (size 1.6 1.6) (drill 0.8) (layers *.Cu *.Mask)
      (net 6 /A1))
    (pad 25 thru_hole oval (at 8.64 48.26 90) (size 1.6 1.6) (drill 0.8) (layers *.Cu *.Mask)
      (net 22 /P_25))
    (pad 9 thru_hole oval (at 22.86 0 90) (size 1.6 1.6) (drill 0.8) (layers *.Cu *.Mask)
      (net 7 /A0))
    (pad 24 thru_hole oval (at 11.18 48.26 90) (size 1.6 1.6) (drill 0.8) (layers *.Cu *.Mask)
      (net 23 /P_24))
    (pad 8 thru_hole oval (at 17.78 0 90) (size 1.6 1.6) (drill 0.8) (layers *.Cu *.Mask)
      (net 8 +12V))
    (pad 23 thru_hole oval (at 13.72 48.26 90) (size 1.6 1.6) (drill 0.8) (layers *.Cu *.Mask)
      (net 24 /P_23))
    (pad 7 thru_hole oval (at 15.24 0 90) (size 1.6 1.6) (drill 0.8) (layers *.Cu *.Mask)
      (net 2 GND))
    (pad 22 thru_hole oval (at 17.78 48.26 90) (size 1.6 1.6) (drill 0.8) (layers *.Cu *.Mask)
      (net 25 /P_22))
    (pad 6 thru_hole oval (at 12.7 0 90) (size 1.6 1.6) (drill 0.8) (layers *.Cu *.Mask)
      (net 2 GND))
    (pad 21 thru_hole oval (at 20.32 48.26 90) (size 1.6 1.6) (drill 0.8) (layers *.Cu *.Mask)
      (net 26 /P_21))
    (pad 5 thru_hole oval (at 10.16 0 90) (size 1.6 1.6) (drill 0.8) (layers *.Cu *.Mask)
      (net 9 +5V))
    (pad 20 thru_hole oval (at 22.86 48.26 90) (size 1.6 1.6) (drill 0.8) (layers *.Cu *.Mask)
      (net 10 /IN2))
    (pad 4 thru_hole oval (at 7.62 0 90) (size 1.6 1.6) (drill 0.8) (layers *.Cu *.Mask)
      (net 27 /P_4))
    (pad 19 thru_hole oval (at 25.4 48.26 90) (size 1.6 1.6) (drill 0.8) (layers *.Cu *.Mask)
      (net 28 /P_19))
    (pad 3 thru_hole oval (at 5.08 0 90) (size 1.6 1.6) (drill 0.8) (layers *.Cu *.Mask)
      (net 29 /P_3))
    (pad 18 thru_hole oval (at 27.94 48.26 90) (size 1.6 1.6) (drill 0.8) (layers *.Cu *.Mask)
      (net 11 /IN1))
    (pad 2 thru_hole oval (at 2.54 0 90) (size 1.6 1.6) (drill 0.8) (layers *.Cu *.Mask)
      (net 30 /P_2))
    (pad 17 thru_hole oval (at 30.48 48.26 90) (size 1.6 1.6) (drill 0.8) (layers *.Cu *.Mask)
      (net 31 /P_17))
    (pad 1 thru_hole rect (at 0 0 90) (size 1.6 1.6) (drill 0.8) (layers *.Cu *.Mask))
    (pad 31 thru_hole oval (at -6.6 48.26 90) (size 1.6 1.6) (drill 0.8) (layers *.Cu *.Mask)
      (net 32 /P_31))
    (pad 32 thru_hole oval (at -9.14 48.26 90) (size 1.6 1.6) (drill 0.8) (layers *.Cu *.Mask)
      (net 33 /P_32))
  )

  (module Pin_Headers:Pin_Header_Straight_1x03_Pitch2.54mm (layer F.Cu) (tedit 59650532) (tstamp 5C9BABD8)
    (at 167.2 90)
    (descr "Through hole straight pin header, 1x03, 2.54mm pitch, single row")
    (tags "Through hole pin header THT 1x03 2.54mm single row")
    (path /5C9B0C72)
    (fp_text reference J101 (at 0 -2.33) (layer F.SilkS)
      (effects (font (size 1 1) (thickness 0.15)))
    )
    (fp_text value Conn_01x03 (at 0 7.41) (layer F.Fab)
      (effects (font (size 1 1) (thickness 0.15)))
    )
    (fp_line (start -0.635 -1.27) (end 1.27 -1.27) (layer F.Fab) (width 0.1))
    (fp_line (start 1.27 -1.27) (end 1.27 6.35) (layer F.Fab) (width 0.1))
    (fp_line (start 1.27 6.35) (end -1.27 6.35) (layer F.Fab) (width 0.1))
    (fp_line (start -1.27 6.35) (end -1.27 -0.635) (layer F.Fab) (width 0.1))
    (fp_line (start -1.27 -0.635) (end -0.635 -1.27) (layer F.Fab) (width 0.1))
    (fp_line (start -1.33 6.41) (end 1.33 6.41) (layer F.SilkS) (width 0.12))
    (fp_line (start -1.33 1.27) (end -1.33 6.41) (layer F.SilkS) (width 0.12))
    (fp_line (start 1.33 1.27) (end 1.33 6.41) (layer F.SilkS) (width 0.12))
    (fp_line (start -1.33 1.27) (end 1.33 1.27) (layer F.SilkS) (width 0.12))
    (fp_line (start -1.33 0) (end -1.33 -1.33) (layer F.SilkS) (width 0.12))
    (fp_line (start -1.33 -1.33) (end 0 -1.33) (layer F.SilkS) (width 0.12))
    (fp_line (start -1.8 -1.8) (end -1.8 6.85) (layer F.CrtYd) (width 0.05))
    (fp_line (start -1.8 6.85) (end 1.8 6.85) (layer F.CrtYd) (width 0.05))
    (fp_line (start 1.8 6.85) (end 1.8 -1.8) (layer F.CrtYd) (width 0.05))
    (fp_line (start 1.8 -1.8) (end -1.8 -1.8) (layer F.CrtYd) (width 0.05))
    (fp_text user %R (at 0 2.54 90) (layer F.Fab)
      (effects (font (size 1 1) (thickness 0.15)))
    )
    (pad 1 thru_hole rect (at 0 0) (size 1.7 1.7) (drill 1) (layers *.Cu *.Mask)
      (net 2 GND))
    (pad 2 thru_hole oval (at 0 2.54) (size 1.7 1.7) (drill 1) (layers *.Cu *.Mask)
      (net 6 /A1))
    (pad 3 thru_hole oval (at 0 5.08) (size 1.7 1.7) (drill 1) (layers *.Cu *.Mask)
      (net 9 +5V))
    (model ${KISYS3DMOD}/Pin_Headers.3dshapes/Pin_Header_Straight_1x03_Pitch2.54mm.wrl
      (at (xyz 0 0 0))
      (scale (xyz 1 1 1))
      (rotate (xyz 0 0 0))
    )
  )

  (module Custom:TerminalBlock_Phoenix_PT-1,5-2-3.5-H_1x02_P3.50mm_Horizontal (layer F.Cu) (tedit 5B294F3F) (tstamp 5C9BAC5D)
    (at 104.2 85 90)
    (descr "Terminal Block Phoenix PT-1,5-2-3.5-H, 2 pins, pitch 3.5mm, size 7x7.6mm^2, drill diamater 1.2mm, pad diameter 2.4mm, see , script-generated using https://github.com/pointhi/kicad-footprint-generator/scripts/TerminalBlock_Phoenix")
    (tags "THT Terminal Block Phoenix PT-1,5-2-3.5-H pitch 3.5mm size 7x7.6mm^2 drill 1.2mm pad 2.4mm")
    (path /5C9B357A)
    (fp_text reference J102 (at 1.75 -4.16 90) (layer F.SilkS)
      (effects (font (size 1 1) (thickness 0.15)))
    )
    (fp_text value Screw_Terminal_01x02 (at 1.75 5.56 90) (layer F.Fab)
      (effects (font (size 1 1) (thickness 0.15)))
    )
    (fp_arc (start 0 0) (end 0 1.68) (angle -32) (layer F.SilkS) (width 0.12))
    (fp_arc (start 0 0) (end 1.425 0.891) (angle -64) (layer F.SilkS) (width 0.12))
    (fp_arc (start 0 0) (end 0.866 -1.44) (angle -63) (layer F.SilkS) (width 0.12))
    (fp_arc (start 0 0) (end -1.44 -0.866) (angle -63) (layer F.SilkS) (width 0.12))
    (fp_arc (start 0 0) (end -0.866 1.44) (angle -32) (layer F.SilkS) (width 0.12))
    (fp_circle (center 0 0) (end 1.5 0) (layer F.Fab) (width 0.1))
    (fp_circle (center 3.5 0) (end 5 0) (layer F.Fab) (width 0.1))
    (fp_circle (center 3.5 0) (end 5.18 0) (layer F.SilkS) (width 0.12))
    (fp_line (start -1.75 -3.1) (end 5.25 -3.1) (layer F.Fab) (width 0.1))
    (fp_line (start 5.25 -3.1) (end 5.25 4.5) (layer F.Fab) (width 0.1))
    (fp_line (start 5.25 4.5) (end -1.35 4.5) (layer F.Fab) (width 0.1))
    (fp_line (start -1.35 4.5) (end -1.75 4.1) (layer F.Fab) (width 0.1))
    (fp_line (start -1.75 4.1) (end -1.75 -3.1) (layer F.Fab) (width 0.1))
    (fp_line (start -1.75 4.1) (end 5.25 4.1) (layer F.Fab) (width 0.1))
    (fp_line (start -1.81 4.1) (end 5.31 4.1) (layer F.SilkS) (width 0.12))
    (fp_line (start -1.75 3) (end 5.25 3) (layer F.Fab) (width 0.1))
    (fp_line (start -1.81 3) (end 5.31 3) (layer F.SilkS) (width 0.12))
    (fp_line (start -1.81 -3.16) (end 5.31 -3.16) (layer F.SilkS) (width 0.12))
    (fp_line (start -1.81 4.56) (end 5.31 4.56) (layer F.SilkS) (width 0.12))
    (fp_line (start -1.81 -3.16) (end -1.81 4.56) (layer F.SilkS) (width 0.12))
    (fp_line (start 5.31 -3.16) (end 5.31 4.56) (layer F.SilkS) (width 0.12))
    (fp_line (start 1.138 -0.955) (end -0.955 1.138) (layer F.Fab) (width 0.1))
    (fp_line (start 0.955 -1.138) (end -1.138 0.955) (layer F.Fab) (width 0.1))
    (fp_line (start 4.638 -0.955) (end 2.546 1.138) (layer F.Fab) (width 0.1))
    (fp_line (start 4.455 -1.138) (end 2.363 0.955) (layer F.Fab) (width 0.1))
    (fp_line (start 4.775 -1.069) (end 4.646 -0.941) (layer F.SilkS) (width 0.12))
    (fp_line (start 2.525 1.181) (end 2.431 1.274) (layer F.SilkS) (width 0.12))
    (fp_line (start 4.57 -1.275) (end 4.476 -1.181) (layer F.SilkS) (width 0.12))
    (fp_line (start 2.355 0.941) (end 2.226 1.069) (layer F.SilkS) (width 0.12))
    (fp_line (start -2.05 4.16) (end -2.05 4.8) (layer F.SilkS) (width 0.12))
    (fp_line (start -2.05 4.8) (end -1.65 4.8) (layer F.SilkS) (width 0.12))
    (fp_line (start -2.25 -3.6) (end -2.25 5) (layer F.CrtYd) (width 0.05))
    (fp_line (start -2.25 5) (end 5.75 5) (layer F.CrtYd) (width 0.05))
    (fp_line (start 5.75 5) (end 5.75 -3.6) (layer F.CrtYd) (width 0.05))
    (fp_line (start 5.75 -3.6) (end -2.25 -3.6) (layer F.CrtYd) (width 0.05))
    (fp_text user %R (at 1.75 2.4 90) (layer F.Fab)
      (effects (font (size 1 1) (thickness 0.15)))
    )
    (pad 1 thru_hole rect (at 0 0 90) (size 2.4 2.4) (drill 1.2) (layers *.Cu *.Mask)
      (net 8 +12V))
    (pad 2 thru_hole circle (at 3.5 0 90) (size 2.4 2.4) (drill 1.2) (layers *.Cu *.Mask)
      (net 2 GND))
    (model ${KISYS3DMOD}/TerminalBlock_Phoenix.3dshapes/TerminalBlock_Phoenix_PT-1,5-2-3.5-H_1x02_P3.50mm_Horizontal.wrl
      (at (xyz 0 0 0))
      (scale (xyz 1 1 1))
      (rotate (xyz 0 0 0))
    )
  )

  (module Custom:TerminalBlock_Phoenix_PT-1,5-2-3.5-H_1x02_P3.50mm_Horizontal (layer F.Cu) (tedit 5B294F3F) (tstamp 5C9BAD08)
    (at 162.9 104.8 270)
    (descr "Terminal Block Phoenix PT-1,5-2-3.5-H, 2 pins, pitch 3.5mm, size 7x7.6mm^2, drill diamater 1.2mm, pad diameter 2.4mm, see , script-generated using https://github.com/pointhi/kicad-footprint-generator/scripts/TerminalBlock_Phoenix")
    (tags "THT Terminal Block Phoenix PT-1,5-2-3.5-H pitch 3.5mm size 7x7.6mm^2 drill 1.2mm pad 2.4mm")
    (path /5C9B2D79)
    (fp_text reference M101 (at 1.75 -4.16 270) (layer F.SilkS)
      (effects (font (size 1 1) (thickness 0.15)))
    )
    (fp_text value Motor_DC (at 1.75 5.56 270) (layer F.Fab)
      (effects (font (size 1 1) (thickness 0.15)))
    )
    (fp_text user %R (at 1.75 2.4 270) (layer F.Fab)
      (effects (font (size 1 1) (thickness 0.15)))
    )
    (fp_line (start 5.75 -3.6) (end -2.25 -3.6) (layer F.CrtYd) (width 0.05))
    (fp_line (start 5.75 5) (end 5.75 -3.6) (layer F.CrtYd) (width 0.05))
    (fp_line (start -2.25 5) (end 5.75 5) (layer F.CrtYd) (width 0.05))
    (fp_line (start -2.25 -3.6) (end -2.25 5) (layer F.CrtYd) (width 0.05))
    (fp_line (start -2.05 4.8) (end -1.65 4.8) (layer F.SilkS) (width 0.12))
    (fp_line (start -2.05 4.16) (end -2.05 4.8) (layer F.SilkS) (width 0.12))
    (fp_line (start 2.355 0.941) (end 2.226 1.069) (layer F.SilkS) (width 0.12))
    (fp_line (start 4.57 -1.275) (end 4.476 -1.181) (layer F.SilkS) (width 0.12))
    (fp_line (start 2.525 1.181) (end 2.431 1.274) (layer F.SilkS) (width 0.12))
    (fp_line (start 4.775 -1.069) (end 4.646 -0.941) (layer F.SilkS) (width 0.12))
    (fp_line (start 4.455 -1.138) (end 2.363 0.955) (layer F.Fab) (width 0.1))
    (fp_line (start 4.638 -0.955) (end 2.546 1.138) (layer F.Fab) (width 0.1))
    (fp_line (start 0.955 -1.138) (end -1.138 0.955) (layer F.Fab) (width 0.1))
    (fp_line (start 1.138 -0.955) (end -0.955 1.138) (layer F.Fab) (width 0.1))
    (fp_line (start 5.31 -3.16) (end 5.31 4.56) (layer F.SilkS) (width 0.12))
    (fp_line (start -1.81 -3.16) (end -1.81 4.56) (layer F.SilkS) (width 0.12))
    (fp_line (start -1.81 4.56) (end 5.31 4.56) (layer F.SilkS) (width 0.12))
    (fp_line (start -1.81 -3.16) (end 5.31 -3.16) (layer F.SilkS) (width 0.12))
    (fp_line (start -1.81 3) (end 5.31 3) (layer F.SilkS) (width 0.12))
    (fp_line (start -1.75 3) (end 5.25 3) (layer F.Fab) (width 0.1))
    (fp_line (start -1.81 4.1) (end 5.31 4.1) (layer F.SilkS) (width 0.12))
    (fp_line (start -1.75 4.1) (end 5.25 4.1) (layer F.Fab) (width 0.1))
    (fp_line (start -1.75 4.1) (end -1.75 -3.1) (layer F.Fab) (width 0.1))
    (fp_line (start -1.35 4.5) (end -1.75 4.1) (layer F.Fab) (width 0.1))
    (fp_line (start 5.25 4.5) (end -1.35 4.5) (layer F.Fab) (width 0.1))
    (fp_line (start 5.25 -3.1) (end 5.25 4.5) (layer F.Fab) (width 0.1))
    (fp_line (start -1.75 -3.1) (end 5.25 -3.1) (layer F.Fab) (width 0.1))
    (fp_circle (center 3.5 0) (end 5.18 0) (layer F.SilkS) (width 0.12))
    (fp_circle (center 3.5 0) (end 5 0) (layer F.Fab) (width 0.1))
    (fp_circle (center 0 0) (end 1.5 0) (layer F.Fab) (width 0.1))
    (fp_arc (start 0 0) (end -0.866 1.44) (angle -32) (layer F.SilkS) (width 0.12))
    (fp_arc (start 0 0) (end -1.44 -0.866) (angle -63) (layer F.SilkS) (width 0.12))
    (fp_arc (start 0 0) (end 0.866 -1.44) (angle -63) (layer F.SilkS) (width 0.12))
    (fp_arc (start 0 0) (end 1.425 0.891) (angle -64) (layer F.SilkS) (width 0.12))
    (fp_arc (start 0 0) (end 0 1.68) (angle -32) (layer F.SilkS) (width 0.12))
    (pad 2 thru_hole circle (at 3.5 0 270) (size 2.4 2.4) (drill 1.2) (layers *.Cu *.Mask)
      (net 13 "Net-(M101-Pad2)"))
    (pad 1 thru_hole rect (at 0 0 270) (size 2.4 2.4) (drill 1.2) (layers *.Cu *.Mask)
      (net 12 "Net-(M101-Pad1)"))
    (model ${KISYS3DMOD}/TerminalBlock_Phoenix.3dshapes/TerminalBlock_Phoenix_PT-1,5-2-3.5-H_1x02_P3.50mm_Horizontal.wrl
      (at (xyz 0 0 0))
      (scale (xyz 1 1 1))
      (rotate (xyz 0 0 0))
    )
  )

  (module Resistors_SMD:R_0603 (layer F.Cu) (tedit 58E0A804) (tstamp 5C9BAC14)
    (at 161.2 95 270)
    (descr "Resistor SMD 0603, reflow soldering, Vishay (see dcrcw.pdf)")
    (tags "resistor 0603")
    (path /5C9B0ADD)
    (attr smd)
    (fp_text reference R101 (at 1.5 -1.5 270) (layer F.SilkS)
      (effects (font (size 1 1) (thickness 0.15)))
    )
    (fp_text value 1k (at 0 1.5 270) (layer F.Fab)
      (effects (font (size 1 1) (thickness 0.15)))
    )
    (fp_text user %R (at 0 0 270) (layer F.Fab)
      (effects (font (size 0.4 0.4) (thickness 0.075)))
    )
    (fp_line (start -0.8 0.4) (end -0.8 -0.4) (layer F.Fab) (width 0.1))
    (fp_line (start 0.8 0.4) (end -0.8 0.4) (layer F.Fab) (width 0.1))
    (fp_line (start 0.8 -0.4) (end 0.8 0.4) (layer F.Fab) (width 0.1))
    (fp_line (start -0.8 -0.4) (end 0.8 -0.4) (layer F.Fab) (width 0.1))
    (fp_line (start 0.5 0.68) (end -0.5 0.68) (layer F.SilkS) (width 0.12))
    (fp_line (start -0.5 -0.68) (end 0.5 -0.68) (layer F.SilkS) (width 0.12))
    (fp_line (start -1.25 -0.7) (end 1.25 -0.7) (layer F.CrtYd) (width 0.05))
    (fp_line (start -1.25 -0.7) (end -1.25 0.7) (layer F.CrtYd) (width 0.05))
    (fp_line (start 1.25 0.7) (end 1.25 -0.7) (layer F.CrtYd) (width 0.05))
    (fp_line (start 1.25 0.7) (end -1.25 0.7) (layer F.CrtYd) (width 0.05))
    (pad 1 smd rect (at -0.75 0 270) (size 0.5 0.9) (layers F.Cu F.Paste F.Mask)
      (net 14 "Net-(R101-Pad1)"))
    (pad 2 smd rect (at 0.75 0 270) (size 0.5 0.9) (layers F.Cu F.Paste F.Mask)
      (net 6 /A1))
    (model ${KISYS3DMOD}/Resistors_SMD.3dshapes/R_0603.wrl
      (at (xyz 0 0 0))
      (scale (xyz 1 1 1))
      (rotate (xyz 0 0 0))
    )
  )

  (module Resistors_SMD:R_0603 (layer F.Cu) (tedit 58E0A804) (tstamp 5C9BACBF)
    (at 161.2 92 270)
    (descr "Resistor SMD 0603, reflow soldering, Vishay (see dcrcw.pdf)")
    (tags "resistor 0603")
    (path /5C9B1413)
    (attr smd)
    (fp_text reference R102 (at 0.5 -1.5 270) (layer F.SilkS)
      (effects (font (size 1 1) (thickness 0.15)))
    )
    (fp_text value 1k (at 0 1.5 270) (layer F.Fab)
      (effects (font (size 1 1) (thickness 0.15)))
    )
    (fp_line (start 1.25 0.7) (end -1.25 0.7) (layer F.CrtYd) (width 0.05))
    (fp_line (start 1.25 0.7) (end 1.25 -0.7) (layer F.CrtYd) (width 0.05))
    (fp_line (start -1.25 -0.7) (end -1.25 0.7) (layer F.CrtYd) (width 0.05))
    (fp_line (start -1.25 -0.7) (end 1.25 -0.7) (layer F.CrtYd) (width 0.05))
    (fp_line (start -0.5 -0.68) (end 0.5 -0.68) (layer F.SilkS) (width 0.12))
    (fp_line (start 0.5 0.68) (end -0.5 0.68) (layer F.SilkS) (width 0.12))
    (fp_line (start -0.8 -0.4) (end 0.8 -0.4) (layer F.Fab) (width 0.1))
    (fp_line (start 0.8 -0.4) (end 0.8 0.4) (layer F.Fab) (width 0.1))
    (fp_line (start 0.8 0.4) (end -0.8 0.4) (layer F.Fab) (width 0.1))
    (fp_line (start -0.8 0.4) (end -0.8 -0.4) (layer F.Fab) (width 0.1))
    (fp_text user %R (at 0 0 270) (layer F.Fab)
      (effects (font (size 0.4 0.4) (thickness 0.075)))
    )
    (pad 2 smd rect (at 0.75 0 270) (size 0.5 0.9) (layers F.Cu F.Paste F.Mask)
      (net 14 "Net-(R101-Pad1)"))
    (pad 1 smd rect (at -0.75 0 270) (size 0.5 0.9) (layers F.Cu F.Paste F.Mask)
      (net 15 "Net-(R102-Pad1)"))
    (model ${KISYS3DMOD}/Resistors_SMD.3dshapes/R_0603.wrl
      (at (xyz 0 0 0))
      (scale (xyz 1 1 1))
      (rotate (xyz 0 0 0))
    )
  )

  (module Custom:Potentiometer_P120PK-Y25BR10K (layer F.Cu) (tedit 59FCB251) (tstamp 5C9E7ED0)
    (at 120.2 87)
    (path /5C9B462D)
    (fp_text reference RV101 (at 3.7 -13.7) (layer F.SilkS)
      (effects (font (size 1 1) (thickness 0.15)))
    )
    (fp_text value 10k (at -0.2 -2.8) (layer F.Fab)
      (effects (font (size 1 1) (thickness 0.15)))
    )
    (fp_line (start -2.75 -14.525) (end 10.25 -14.525) (layer F.Fab) (width 0.1))
    (fp_line (start 10.25 -14.525) (end 10.25 1.675) (layer F.Fab) (width 0.1))
    (fp_line (start -2.75 1.275) (end -2.375 1.675) (layer F.Fab) (width 0.1))
    (fp_line (start -2.375 1.675) (end 10.25 1.675) (layer F.Fab) (width 0.1))
    (fp_line (start -2.75 1.275) (end -2.75 -14.525) (layer F.Fab) (width 0.1))
    (fp_line (start 10.375 -14.65) (end 10.375 -14) (layer F.SilkS) (width 0.1))
    (fp_line (start 9.525 -14.65) (end 10.375 -14.65) (layer F.SilkS) (width 0.1))
    (fp_line (start 10.375 1.8) (end 9.625 1.8) (layer F.SilkS) (width 0.1))
    (fp_line (start 10.375 1.025) (end 10.375 1.8) (layer F.SilkS) (width 0.1))
    (fp_line (start -2.875 -14.65) (end -2.875 -13.75) (layer F.SilkS) (width 0.1))
    (fp_line (start -1.8 -14.65) (end -2.875 -14.65) (layer F.SilkS) (width 0.1))
    (fp_line (start -2.45 1.8) (end -1.15 1.8) (layer F.SilkS) (width 0.1))
    (fp_line (start -2.875 1.35) (end -2.45 1.8) (layer F.SilkS) (width 0.1))
    (fp_line (start -2.875 0.575) (end -2.875 1.35) (layer F.SilkS) (width 0.1))
    (fp_text user %R (at 4.05 -6.65) (layer F.Fab)
      (effects (font (size 1 1) (thickness 0.15)))
    )
    (fp_line (start -3.1 -14.825) (end 10.6 -14.825) (layer F.CrtYd) (width 0.05))
    (fp_line (start 10.6 -14.825) (end 10.6 1.975) (layer F.CrtYd) (width 0.05))
    (fp_line (start 10.6 1.975) (end -3.1 1.975) (layer F.CrtYd) (width 0.05))
    (fp_line (start -3.1 1.975) (end -3.1 -14.825) (layer F.CrtYd) (width 0.05))
    (pad 4 thru_hole rect (at 8.95 -8.325) (size 2.8 3.8) (drill oval 1.8 2.8) (layers *.Cu *.Mask))
    (pad 4 thru_hole rect (at -1.45 -8.325) (size 2.8 3.8) (drill oval 1.8 2.8) (layers *.Cu *.Mask))
    (pad 3 thru_hole circle (at 7.5 0) (size 2 2) (drill 1) (layers *.Cu *.Mask)
      (net 2 GND))
    (pad 2 thru_hole circle (at 3.75 0) (size 2 2) (drill 1) (layers *.Cu *.Mask)
      (net 4 /POT_1))
    (pad 1 thru_hole rect (at 0 0) (size 2 2) (drill 1) (layers *.Cu *.Mask)
      (net 9 +5V))
  )

  (module Custom:Potentiometer_P120PK-Y25BR10K (layer F.Cu) (tedit 59FCB251) (tstamp 5C9BAA2A)
    (at 120.2 107)
    (path /5C9B08E2)
    (fp_text reference RV102 (at 3.7 -13.7) (layer F.SilkS)
      (effects (font (size 1 1) (thickness 0.15)))
    )
    (fp_text value 10k (at 0 -2.4) (layer F.Fab)
      (effects (font (size 1 1) (thickness 0.15)))
    )
    (fp_line (start -2.75 -14.525) (end 10.25 -14.525) (layer F.Fab) (width 0.1))
    (fp_line (start 10.25 -14.525) (end 10.25 1.675) (layer F.Fab) (width 0.1))
    (fp_line (start -2.75 1.275) (end -2.375 1.675) (layer F.Fab) (width 0.1))
    (fp_line (start -2.375 1.675) (end 10.25 1.675) (layer F.Fab) (width 0.1))
    (fp_line (start -2.75 1.275) (end -2.75 -14.525) (layer F.Fab) (width 0.1))
    (fp_line (start 10.375 -14.65) (end 10.375 -14) (layer F.SilkS) (width 0.1))
    (fp_line (start 9.525 -14.65) (end 10.375 -14.65) (layer F.SilkS) (width 0.1))
    (fp_line (start 10.375 1.8) (end 9.625 1.8) (layer F.SilkS) (width 0.1))
    (fp_line (start 10.375 1.025) (end 10.375 1.8) (layer F.SilkS) (width 0.1))
    (fp_line (start -2.875 -14.65) (end -2.875 -13.75) (layer F.SilkS) (width 0.1))
    (fp_line (start -1.8 -14.65) (end -2.875 -14.65) (layer F.SilkS) (width 0.1))
    (fp_line (start -2.45 1.8) (end -1.15 1.8) (layer F.SilkS) (width 0.1))
    (fp_line (start -2.875 1.35) (end -2.45 1.8) (layer F.SilkS) (width 0.1))
    (fp_line (start -2.875 0.575) (end -2.875 1.35) (layer F.SilkS) (width 0.1))
    (fp_text user %R (at 4.05 -6.65) (layer F.Fab)
      (effects (font (size 1 1) (thickness 0.15)))
    )
    (fp_line (start -3.1 -14.825) (end 10.6 -14.825) (layer F.CrtYd) (width 0.05))
    (fp_line (start 10.6 -14.825) (end 10.6 1.975) (layer F.CrtYd) (width 0.05))
    (fp_line (start 10.6 1.975) (end -3.1 1.975) (layer F.CrtYd) (width 0.05))
    (fp_line (start -3.1 1.975) (end -3.1 -14.825) (layer F.CrtYd) (width 0.05))
    (pad 4 thru_hole rect (at 8.95 -8.325) (size 2.8 3.8) (drill oval 1.8 2.8) (layers *.Cu *.Mask))
    (pad 4 thru_hole rect (at -1.45 -8.325) (size 2.8 3.8) (drill oval 1.8 2.8) (layers *.Cu *.Mask))
    (pad 3 thru_hole circle (at 7.5 0) (size 2 2) (drill 1) (layers *.Cu *.Mask)
      (net 2 GND))
    (pad 2 thru_hole circle (at 3.75 0) (size 2 2) (drill 1) (layers *.Cu *.Mask)
      (net 7 /A0))
    (pad 1 thru_hole rect (at 0 0) (size 2 2) (drill 1) (layers *.Cu *.Mask)
      (net 9 +5V))
  )

  (module Custom:Potentiometer_P120PK-Y25BR10K (layer F.Cu) (tedit 59FCB251) (tstamp 5C9E7F72)
    (at 137.2 87)
    (path /5C9B4CD0)
    (fp_text reference RV103 (at 3.7 -13.7) (layer F.SilkS)
      (effects (font (size 1 1) (thickness 0.15)))
    )
    (fp_text value 10k (at 0 -2.3) (layer F.Fab)
      (effects (font (size 1 1) (thickness 0.15)))
    )
    (fp_line (start -3.1 1.975) (end -3.1 -14.825) (layer F.CrtYd) (width 0.05))
    (fp_line (start 10.6 1.975) (end -3.1 1.975) (layer F.CrtYd) (width 0.05))
    (fp_line (start 10.6 -14.825) (end 10.6 1.975) (layer F.CrtYd) (width 0.05))
    (fp_line (start -3.1 -14.825) (end 10.6 -14.825) (layer F.CrtYd) (width 0.05))
    (fp_text user %R (at 4.05 -6.65) (layer F.Fab)
      (effects (font (size 1 1) (thickness 0.15)))
    )
    (fp_line (start -2.875 0.575) (end -2.875 1.35) (layer F.SilkS) (width 0.1))
    (fp_line (start -2.875 1.35) (end -2.45 1.8) (layer F.SilkS) (width 0.1))
    (fp_line (start -2.45 1.8) (end -1.15 1.8) (layer F.SilkS) (width 0.1))
    (fp_line (start -1.8 -14.65) (end -2.875 -14.65) (layer F.SilkS) (width 0.1))
    (fp_line (start -2.875 -14.65) (end -2.875 -13.75) (layer F.SilkS) (width 0.1))
    (fp_line (start 10.375 1.025) (end 10.375 1.8) (layer F.SilkS) (width 0.1))
    (fp_line (start 10.375 1.8) (end 9.625 1.8) (layer F.SilkS) (width 0.1))
    (fp_line (start 9.525 -14.65) (end 10.375 -14.65) (layer F.SilkS) (width 0.1))
    (fp_line (start 10.375 -14.65) (end 10.375 -14) (layer F.SilkS) (width 0.1))
    (fp_line (start -2.75 1.275) (end -2.75 -14.525) (layer F.Fab) (width 0.1))
    (fp_line (start -2.375 1.675) (end 10.25 1.675) (layer F.Fab) (width 0.1))
    (fp_line (start -2.75 1.275) (end -2.375 1.675) (layer F.Fab) (width 0.1))
    (fp_line (start 10.25 -14.525) (end 10.25 1.675) (layer F.Fab) (width 0.1))
    (fp_line (start -2.75 -14.525) (end 10.25 -14.525) (layer F.Fab) (width 0.1))
    (pad 1 thru_hole rect (at 0 0) (size 2 2) (drill 1) (layers *.Cu *.Mask)
      (net 9 +5V))
    (pad 2 thru_hole circle (at 3.75 0) (size 2 2) (drill 1) (layers *.Cu *.Mask)
      (net 3 /POT_2))
    (pad 3 thru_hole circle (at 7.5 0) (size 2 2) (drill 1) (layers *.Cu *.Mask)
      (net 2 GND))
    (pad 4 thru_hole rect (at -1.45 -8.325) (size 2.8 3.8) (drill oval 1.8 2.8) (layers *.Cu *.Mask))
    (pad 4 thru_hole rect (at 8.95 -8.325) (size 2.8 3.8) (drill oval 1.8 2.8) (layers *.Cu *.Mask))
  )

  (module Custom:Potentiometer_P120PK-Y25BR10K (layer F.Cu) (tedit 59FCB251) (tstamp 5C9BA988)
    (at 137.2 107)
    (path /5C9B1467)
    (fp_text reference RV104 (at 3.7 -13.7) (layer F.SilkS)
      (effects (font (size 1 1) (thickness 0.15)))
    )
    (fp_text value 10k (at 0 -2.6) (layer F.Fab)
      (effects (font (size 1 1) (thickness 0.15)))
    )
    (fp_line (start -3.1 1.975) (end -3.1 -14.825) (layer F.CrtYd) (width 0.05))
    (fp_line (start 10.6 1.975) (end -3.1 1.975) (layer F.CrtYd) (width 0.05))
    (fp_line (start 10.6 -14.825) (end 10.6 1.975) (layer F.CrtYd) (width 0.05))
    (fp_line (start -3.1 -14.825) (end 10.6 -14.825) (layer F.CrtYd) (width 0.05))
    (fp_text user %R (at 4.05 -6.65) (layer F.Fab)
      (effects (font (size 1 1) (thickness 0.15)))
    )
    (fp_line (start -2.875 0.575) (end -2.875 1.35) (layer F.SilkS) (width 0.1))
    (fp_line (start -2.875 1.35) (end -2.45 1.8) (layer F.SilkS) (width 0.1))
    (fp_line (start -2.45 1.8) (end -1.15 1.8) (layer F.SilkS) (width 0.1))
    (fp_line (start -1.8 -14.65) (end -2.875 -14.65) (layer F.SilkS) (width 0.1))
    (fp_line (start -2.875 -14.65) (end -2.875 -13.75) (layer F.SilkS) (width 0.1))
    (fp_line (start 10.375 1.025) (end 10.375 1.8) (layer F.SilkS) (width 0.1))
    (fp_line (start 10.375 1.8) (end 9.625 1.8) (layer F.SilkS) (width 0.1))
    (fp_line (start 9.525 -14.65) (end 10.375 -14.65) (layer F.SilkS) (width 0.1))
    (fp_line (start 10.375 -14.65) (end 10.375 -14) (layer F.SilkS) (width 0.1))
    (fp_line (start -2.75 1.275) (end -2.75 -14.525) (layer F.Fab) (width 0.1))
    (fp_line (start -2.375 1.675) (end 10.25 1.675) (layer F.Fab) (width 0.1))
    (fp_line (start -2.75 1.275) (end -2.375 1.675) (layer F.Fab) (width 0.1))
    (fp_line (start 10.25 -14.525) (end 10.25 1.675) (layer F.Fab) (width 0.1))
    (fp_line (start -2.75 -14.525) (end 10.25 -14.525) (layer F.Fab) (width 0.1))
    (pad 1 thru_hole rect (at 0 0) (size 2 2) (drill 1) (layers *.Cu *.Mask)
      (net 15 "Net-(R102-Pad1)"))
    (pad 2 thru_hole circle (at 3.75 0) (size 2 2) (drill 1) (layers *.Cu *.Mask)
      (net 5 /A2))
    (pad 3 thru_hole circle (at 7.5 0) (size 2 2) (drill 1) (layers *.Cu *.Mask))
    (pad 4 thru_hole rect (at -1.45 -8.325) (size 2.8 3.8) (drill oval 1.8 2.8) (layers *.Cu *.Mask))
    (pad 4 thru_hole rect (at 8.95 -8.325) (size 2.8 3.8) (drill oval 1.8 2.8) (layers *.Cu *.Mask))
  )

  (module Custom:Potentiometer_P120PK-Y25BR10K (layer F.Cu) (tedit 59FCB251) (tstamp 5C9E7F21)
    (at 154.2 87)
    (path /5C9B4FDB)
    (fp_text reference RV105 (at 3.7 -13.7) (layer F.SilkS)
      (effects (font (size 1 1) (thickness 0.15)))
    )
    (fp_text value 10k (at 0 -2.6) (layer F.Fab)
      (effects (font (size 1 1) (thickness 0.15)))
    )
    (fp_line (start -2.75 -14.525) (end 10.25 -14.525) (layer F.Fab) (width 0.1))
    (fp_line (start 10.25 -14.525) (end 10.25 1.675) (layer F.Fab) (width 0.1))
    (fp_line (start -2.75 1.275) (end -2.375 1.675) (layer F.Fab) (width 0.1))
    (fp_line (start -2.375 1.675) (end 10.25 1.675) (layer F.Fab) (width 0.1))
    (fp_line (start -2.75 1.275) (end -2.75 -14.525) (layer F.Fab) (width 0.1))
    (fp_line (start 10.375 -14.65) (end 10.375 -14) (layer F.SilkS) (width 0.1))
    (fp_line (start 9.525 -14.65) (end 10.375 -14.65) (layer F.SilkS) (width 0.1))
    (fp_line (start 10.375 1.8) (end 9.625 1.8) (layer F.SilkS) (width 0.1))
    (fp_line (start 10.375 1.025) (end 10.375 1.8) (layer F.SilkS) (width 0.1))
    (fp_line (start -2.875 -14.65) (end -2.875 -13.75) (layer F.SilkS) (width 0.1))
    (fp_line (start -1.8 -14.65) (end -2.875 -14.65) (layer F.SilkS) (width 0.1))
    (fp_line (start -2.45 1.8) (end -1.15 1.8) (layer F.SilkS) (width 0.1))
    (fp_line (start -2.875 1.35) (end -2.45 1.8) (layer F.SilkS) (width 0.1))
    (fp_line (start -2.875 0.575) (end -2.875 1.35) (layer F.SilkS) (width 0.1))
    (fp_text user %R (at 4.05 -6.65) (layer F.Fab)
      (effects (font (size 1 1) (thickness 0.15)))
    )
    (fp_line (start -3.1 -14.825) (end 10.6 -14.825) (layer F.CrtYd) (width 0.05))
    (fp_line (start 10.6 -14.825) (end 10.6 1.975) (layer F.CrtYd) (width 0.05))
    (fp_line (start 10.6 1.975) (end -3.1 1.975) (layer F.CrtYd) (width 0.05))
    (fp_line (start -3.1 1.975) (end -3.1 -14.825) (layer F.CrtYd) (width 0.05))
    (pad 4 thru_hole rect (at 8.95 -8.325) (size 2.8 3.8) (drill oval 1.8 2.8) (layers *.Cu *.Mask))
    (pad 4 thru_hole rect (at -1.45 -8.325) (size 2.8 3.8) (drill oval 1.8 2.8) (layers *.Cu *.Mask))
    (pad 3 thru_hole circle (at 7.5 0) (size 2 2) (drill 1) (layers *.Cu *.Mask)
      (net 2 GND))
    (pad 2 thru_hole circle (at 3.75 0) (size 2 2) (drill 1) (layers *.Cu *.Mask)
      (net 1 /POT_3))
    (pad 1 thru_hole rect (at 0 0) (size 2 2) (drill 1) (layers *.Cu *.Mask)
      (net 9 +5V))
  )

  (module TO_SOT_Packages_SMD:SOT-23-5 (layer F.Cu) (tedit 58CE4E7E) (tstamp 5C9BB04A)
    (at 158.2 94 180)
    (descr "5-pin SOT23 package")
    (tags SOT-23-5)
    (path /5C9B05A7)
    (attr smd)
    (fp_text reference U101 (at 0 -2.9 180) (layer F.SilkS)
      (effects (font (size 1 1) (thickness 0.15)))
    )
    (fp_text value LMV321 (at 0 2.9 180) (layer F.Fab)
      (effects (font (size 1 1) (thickness 0.15)))
    )
    (fp_text user %R (at 0 0 270) (layer F.Fab)
      (effects (font (size 0.5 0.5) (thickness 0.075)))
    )
    (fp_line (start -0.9 1.61) (end 0.9 1.61) (layer F.SilkS) (width 0.12))
    (fp_line (start 0.9 -1.61) (end -1.55 -1.61) (layer F.SilkS) (width 0.12))
    (fp_line (start -1.9 -1.8) (end 1.9 -1.8) (layer F.CrtYd) (width 0.05))
    (fp_line (start 1.9 -1.8) (end 1.9 1.8) (layer F.CrtYd) (width 0.05))
    (fp_line (start 1.9 1.8) (end -1.9 1.8) (layer F.CrtYd) (width 0.05))
    (fp_line (start -1.9 1.8) (end -1.9 -1.8) (layer F.CrtYd) (width 0.05))
    (fp_line (start -0.9 -0.9) (end -0.25 -1.55) (layer F.Fab) (width 0.1))
    (fp_line (start 0.9 -1.55) (end -0.25 -1.55) (layer F.Fab) (width 0.1))
    (fp_line (start -0.9 -0.9) (end -0.9 1.55) (layer F.Fab) (width 0.1))
    (fp_line (start 0.9 1.55) (end -0.9 1.55) (layer F.Fab) (width 0.1))
    (fp_line (start 0.9 -1.55) (end 0.9 1.55) (layer F.Fab) (width 0.1))
    (pad 1 smd rect (at -1.1 -0.95 180) (size 1.06 0.65) (layers F.Cu F.Paste F.Mask)
      (net 7 /A0))
    (pad 2 smd rect (at -1.1 0 180) (size 1.06 0.65) (layers F.Cu F.Paste F.Mask)
      (net 2 GND))
    (pad 3 smd rect (at -1.1 0.95 180) (size 1.06 0.65) (layers F.Cu F.Paste F.Mask)
      (net 14 "Net-(R101-Pad1)"))
    (pad 4 smd rect (at 1.1 0.95 180) (size 1.06 0.65) (layers F.Cu F.Paste F.Mask)
      (net 5 /A2))
